$ANSIBLE_VAULT;1.1;AES256
61646335333931333839306465656231373232643332313637393963376462623439313763616661
3561653734383563613131626636643262316464343734610a623534326630626330356533366539
37386639316531616637626162333539373339643937356230366531646666313363373138316438
6161396532393138650a623636623062643133356263636163366366316235316535323435643138
61666638663566323765636534336562323935616539613630323761643765353334623238313533
65386134373539643231336539323431633830643837303536623239636636343261376538613133
30386332633832633035346466656133633563666562316461666230623337373830356538356562
65616134656661303130383062396466666637303764613563386264353361356530326336393737
31623732373961333163306239326665316663383565656330303830616464396433316130383430
32326562643233646233336164306137316139643637393531383861356366333339663031373035
32623962666561653365336537373930343033323730653338306537366239623266353665383834
34313131393565633866343133366436356561313065663132396634636636663430656135356639
35356338343839633838623138383136386465316132366230653061613439653232393062353161
38363566646132393366393130353935616238613332636438393435613266393230626262353039
31666661616464333733356164303432313065333466383132343562393665393666366362303431
64663834373632636432
