$ANSIBLE_VAULT;1.1;AES256
32313535336661366462343366363461336265303336343535323665633563376461613064626630
6130613736643564613634323465363130353238353461300a663765626432366639366432666337
30343139343565656335393432613261616238643638666263373632336462613665373431323236
3635613937333136300a376461366536653665323131323435656639343562353962316633363532
30643333616132333661616139346236393334313732623262316638373862326562336133383338
32636534626232393931333962373734636633366432666166306162396435383737376637613135
65336633646436623664633337653363313137323339633665613534353766633564663430356462
65396536373032376161313831316335383765386562393261626532303161313538363531666332
38393933326635313731366162346634363237633761396364666635343864376233363539386336
65613635616464653033613338626666616336366332663836646163303331653939663964383262
63653265373530373033353132646362306336643965616436393839626262366133376665336238
34613631613839326161343136363661323734346333616162313435313138636665623938306639
66323935356633393365393234326562326361326631653239623935323436633362656338633462
62383133363037306365343437366338323039393036623066393535626661306166313132373739
36353438636433633164333435626338343430393763396238386637633361663362643263336132
61303930313638303734666335313234623830616434326264303831306231643366373234646436
35363261613132383231663036326262363063663765363338343938616336363263303539386632
30663065353430343637393164633532393434346334363531313231653664376135333135656362
33353636313934303565623362366164623865323537613433356636333562343763653231316663
38663839303361626562643262663064643163346333633963383663353638313435343930343133
35346462356261613235313763333038653037393766623764303938643164666139633063393238
33613163373537653133653436613937303730363336306636323336306665663939663336326464
36633762613566393537633239663136343961343633316335633266323132313462653035333665
62323463393063653666
